ID, Titulos, Noticias
[7.98e+17 7.99e+17 7.97e+17 7.99e+17 7.97e+17 7.96e+17 7.97e+17 7.97e+17
 7.97e+17 7.99e+17 7.97e+17 7.97e+17 7.97e+17 7.97e+17 7.97e+17 7.97e+17
 7.97e+17 7.97e+17 7.97e+17 7.96e+17 7.96e+17 7.96e+17 8.02e+17 8.01e+17
 8.22e+17 8.24e+17 8.14e+17 8.12e+17 8.14e+17 8.25e+17 8.25e+17 8.26e+17
 8.12e+17 8.23e+17 8.12e+17 8.26e+17 8.14e+17 8.25e+17 8.15e+17 8.25e+17
 8.27e+17 8.25e+17 8.09e+17 8.14e+17 8.24e+17 8.13e+17 8.14e+17 8.24e+17
 8.24e+17 8.13e+17 8.25e+17 8.24e+17 8.23e+17 8.12e+17 8.23e+17 8.24e+17
 8.23e+17 8.24e+17 8.14e+17 8.24e+17 8.24e+17 8.25e+17 8.25e+17 8.26e+17
 8.24e+17 8.24e+17 8.26e+17 8.24e+17 8.14e+17 8.15e+17 8.24e+17 8.23e+17
 8.25e+17 8.03e+17 8.03e+17 8.14e+17 8.24e+17 8.15e+17 8.13e+17 8.25e+17
 8.24e+17 8.24e+17 8.15e+17 8.24e+17 8.26e+17 8.14e+17 8.15e+17 8.12e+17
 8.23e+17 8.26e+17 8.24e+17 8.24e+17 8.23e+17 8.22e+17 8.24e+17 8.26e+17
 8.25e+17 8.24e+17 8.24e+17 8.23e+17 9.21e+17 9.20e+17 9.20e+17 9.21e+17
 9.23e+17 9.19e+17 9.21e+17 9.20e+17 9.24e+17 9.23e+17 9.26e+17 9.27e+17
 9.28e+17 9.29e+17 9.28e+17 9.28e+17 9.31e+17 9.32e+17 9.32e+17 9.31e+17
 9.26e+17 9.31e+17 9.33e+17 9.31e+17 9.31e+17 9.34e+17 9.34e+17 9.33e+17
 9.34e+17 9.35e+17 9.35e+17 9.36e+17 9.36e+17 9.36e+17 9.36e+17 9.38e+17
 9.37e+17 9.39e+17 9.39e+17 9.38e+17 9.39e+17 9.42e+17 9.43e+17 9.45e+17
 9.44e+17 9.47e+17 9.46e+17 9.47e+17 9.46e+17 9.49e+17 9.49e+17 9.52e+17
 9.51e+17 9.51e+17 9.52e+17 9.52e+17 9.54e+17 9.54e+17 9.54e+17 9.54e+17
 9.58e+17 9.61e+17 9.61e+17 9.61e+17 9.60e+17 9.63e+17 9.61e+17 9.63e+17
 9.62e+17 9.61e+17 9.63e+17 9.64e+17 9.64e+17 9.65e+17 9.65e+17 9.67e+17
 9.68e+17 9.68e+17 9.67e+17 9.70e+17 9.70e+17 9.69e+17 9.69e+17 9.71e+17
 9.69e+17 9.71e+17 9.72e+17 9.72e+17 9.72e+17 9.71e+17 9.73e+17 9.74e+17
 9.79e+17 9.79e+17 9.70e+17 9.81e+17 9.79e+17 7.95e+17 7.95e+17 7.97e+17
 7.97e+17 7.96e+17 7.98e+17 7.99e+17 7.99e+17 7.98e+17 7.99e+17 7.96e+17
 7.99e+17 7.95e+17 7.97e+17 7.97e+17 7.98e+17 7.98e+17 7.99e+17 7.97e+17
 7.96e+17 7.98e+17 7.96e+17 7.98e+17 7.98e+17 7.97e+17 7.98e+17 7.97e+17
 7.97e+17 7.99e+17 7.96e+17 7.98e+17 7.99e+17 7.97e+17 7.99e+17 7.97e+17
 7.97e+17 8.02e+17 8.01e+17 8.02e+17 8.15e+17 8.04e+17 8.03e+17 8.03e+17
 8.04e+17 8.02e+17 8.22e+17 8.14e+17 8.25e+17 8.23e+17 8.14e+17 8.22e+17
 8.22e+17 8.03e+17 8.24e+17 8.05e+17 8.23e+17 8.14e+17 8.23e+17 8.14e+17
 8.14e+17 8.22e+17 8.04e+17 8.22e+17 8.25e+17 8.06e+17 8.23e+17 8.04e+17
 8.24e+17 8.14e+17 8.22e+17 8.13e+17 8.23e+17 8.05e+17 8.15e+17 8.22e+17
 8.14e+17 8.04e+17 8.06e+17 8.15e+17 8.24e+17 8.14e+17 8.22e+17 8.23e+17
 8.24e+17 8.01e+17 8.22e+17 8.14e+17 8.25e+17 8.15e+17 8.04e+17 8.15e+17
 8.15e+17 8.24e+17 8.23e+17 8.01e+17 8.04e+17 8.25e+17 8.15e+17 9.20e+17
 9.20e+17 9.20e+17 9.24e+17 9.24e+17 9.22e+17 9.24e+17 9.27e+17 9.28e+17
 9.29e+17 9.29e+17 9.29e+17 9.33e+17 9.33e+17 9.31e+17 9.31e+17 9.35e+17
 9.34e+17 9.34e+17 9.34e+17 9.38e+17 9.40e+17 9.38e+17 9.40e+17 9.39e+17
 9.39e+17 9.40e+17 9.41e+17 9.43e+17 9.45e+17 9.50e+17 9.49e+17 9.52e+17
 9.52e+17 9.54e+17 9.65e+17 9.66e+17 9.65e+17 9.65e+17 9.66e+17 9.65e+17
 9.68e+17 9.68e+17 9.68e+17 9.68e+17 9.67e+17 9.69e+17 9.70e+17 9.69e+17
 9.70e+17 9.69e+17 9.71e+17 9.71e+17 9.72e+17 9.73e+17 9.73e+17 9.71e+17
 9.71e+17 9.74e+17 9.80e+17 7.99e+17 7.98e+17 7.96e+17 7.97e+17 7.98e+17
 7.98e+17 7.98e+17 7.98e+17 7.96e+17 7.96e+17 8.02e+17 7.96e+17 7.96e+17
 7.97e+17 7.97e+17 7.97e+17 7.98e+17 7.98e+17 7.97e+17 7.97e+17 7.96e+17
 8.01e+17 8.02e+17 7.98e+17 8.03e+17 7.99e+17 8.01e+17 7.97e+17 8.02e+17
 7.96e+17 7.98e+17 7.96e+17 7.96e+17 8.02e+17 7.96e+17 7.96e+17 8.03e+17
 8.02e+17 8.03e+17 7.99e+17 7.96e+17 8.02e+17 7.98e+17 7.97e+17 7.97e+17
 7.97e+17 7.96e+17 7.97e+17 8.03e+17 7.96e+17 8.00e+17 7.96e+17 8.01e+17
 7.96e+17 8.00e+17 7.99e+17 8.02e+17 7.96e+17 7.96e+17 8.03e+17 8.03e+17
 8.02e+17 8.02e+17 7.98e+17 8.01e+17 8.01e+17 8.01e+17 7.96e+17 8.04e+17
 8.02e+17 8.03e+17 7.96e+17 7.98e+17 7.98e+17 8.01e+17 7.96e+17 8.03e+17
 7.96e+17 7.96e+17 8.02e+17 8.03e+17 8.02e+17 8.02e+17 7.96e+17 8.03e+17
 8.03e+17 8.02e+17 8.03e+17 8.03e+17 7.98e+17 9.21e+17 9.20e+17 9.21e+17
 9.20e+17 9.22e+17 9.22e+17 9.20e+17 9.19e+17 9.23e+17 9.19e+17 9.20e+17
 9.19e+17 9.19e+17 9.20e+17 9.24e+17 9.23e+17 9.25e+17 9.25e+17 9.25e+17
 9.24e+17 9.25e+17 9.24e+17 9.23e+17 9.23e+17 9.24e+17 9.27e+17 9.26e+17
 9.27e+17 9.25e+17 9.27e+17 9.27e+17 9.26e+17 9.26e+17 9.30e+17 9.28e+17
 9.29e+17 9.30e+17 9.29e+17 9.30e+17 9.28e+17 9.29e+17 9.27e+17 9.30e+17
 9.31e+17 9.33e+17 9.31e+17 9.30e+17 9.31e+17 9.32e+17 9.31e+17 9.31e+17
 9.32e+17 9.31e+17 9.33e+17 9.33e+17 9.34e+17 9.33e+17 9.34e+17 9.35e+17
 9.34e+17 9.34e+17 9.34e+17 9.38e+17 9.38e+17 9.36e+17 9.38e+17 9.36e+17
 9.38e+17 9.36e+17 9.40e+17 9.40e+17 9.38e+17 9.40e+17 9.39e+17 9.39e+17
 9.39e+17 9.41e+17 9.41e+17 9.42e+17 9.42e+17 9.41e+17 9.43e+17 9.45e+17
 9.43e+17 9.44e+17 9.44e+17 9.44e+17 9.48e+17 9.46e+17 9.48e+17 9.49e+17
 9.49e+17 9.49e+17 9.50e+17 9.48e+17 9.50e+17 9.52e+17 9.52e+17 9.52e+17
 9.51e+17 9.52e+17 9.55e+17 9.55e+17 9.55e+17 9.54e+17 9.55e+17 9.56e+17
 9.54e+17 9.55e+17 9.56e+17 9.56e+17 9.56e+17 9.56e+17 9.56e+17 9.58e+17
 9.61e+17 9.61e+17 9.59e+17 9.59e+17 9.60e+17 9.60e+17 9.59e+17 9.59e+17
 9.61e+17 9.61e+17 9.62e+17 9.62e+17 9.62e+17 9.62e+17 9.63e+17 9.61e+17
 9.61e+17 9.64e+17 9.64e+17 9.64e+17 9.65e+17 9.65e+17 9.64e+17 9.65e+17
 9.65e+17 9.65e+17 9.64e+17 9.67e+17 9.67e+17 9.68e+17 9.68e+17 9.67e+17
 9.71e+17 9.70e+17 9.71e+17 9.69e+17 9.70e+17 9.71e+17 9.69e+17 9.69e+17
 9.69e+17 9.70e+17 9.71e+17 9.69e+17 9.71e+17 9.70e+17 9.69e+17 9.71e+17
 9.71e+17 9.71e+17 9.72e+17 9.71e+17 9.72e+17 9.72e+17 9.72e+17 9.75e+17
 9.75e+17 9.74e+17 9.75e+17 9.75e+17 9.75e+17 9.78e+17 9.78e+17 9.80e+17
 9.80e+17 9.79e+17 9.79e+17 9.80e+17 9.79e+17 9.80e+17 9.79e+17 9.77e+17
 9.77e+17 9.81e+17 9.78e+17]
[['Policías' 'cubren' 'a' 'niño' 'en' 'balacera' 'de' 'Reynosa']]
['Un' 'enfrentamiento' 'en' 'Reynosa' 'presuntamente' 'dejó' 'el'
 'domingo' 'un' 'saldo' 'de' 'tres' 'delincuentes' 'muertos' ',' 'así'
 'como' 'una' 'madre' 'de' 'familia' 'que' 'quedó' 'con' 'sus' 'hijos'
 'en' 'medio' 'de' 'los' 'disparos' 'y' 'un' 'niño' 'de' '2' 'años' 'de'
 'edad' 'que' 'resultó' 'herido' '.' 'Circulan' 'en' 'redes' 'sociales'
 'imágenes' 'de' 'los' 'hechos' ',' 'en' 'los' 'cuales' 'se' 'observan'
 'a' 'policías' 'estatales' 'que' 'en' 'la' 'balacera' 'protegieron' 'a'
 'un' 'niño' '.' 'Fuentes' 'gubernamentales' 'de' 'forma' 'extraoficial'
 'señalaron' 'que' 'la' 'tarde' 'de' 'hoy' 'los' 'policías' 'fueron'
 'emboscados' 'y' 'se' 'registró' 'una' 'balacera' 'en' 'el' 'libramiento'
 'Monterrey' 'a' 'Matamoros' ',' 'a' 'la' 'altura' 'de' 'la' 'colonia'
 'Condado' 'del' 'Norte' '.' 'Participaron' 'presuntos' 'delincuentes'
 'contra' 'policías' 'estatales' '.' 'En' 'las' 'imágenes' 'se' 'observa'
 'abajo' 'de' 'una' 'patrulla' 'que' 'está' 'estacionada' 'a' 'un' 'niño'
 'acostado' 'en' 'la' 'carpeta' 'asfáltica' 'y' 'un' 'policía'
 'uniformado' 'que' 'lo' 'protege' 'con' 'su' 'cuerpo' 'abrazándolo' '.'
 'Junto' 'a' 'ellos' 'se' 'observan' 'a' 'varios' 'policías'
 'cubriéndolos' 'y' 'a' 'otra' 'patrulla' ',' 'la' 'número' '1034' '.'
 'Sobre' 'el' 'estado' 'de' 'salud' 'de' 'la' 'mamá' 'del' 'niño'
 'surgieron' 'dos' 'versiones' ',' 'la' 'primera' 'que' 'había' 'perdido'
 'la' 'vida' 'en' 'el' 'fuego' 'cruzado' 'y' 'otra' 'que' 'fue' 'herida'
 'de' 'gravedad' '.' 'Hasta' 'las' '23:00' 'horas' 'del' 'domingo' 'no'
 'había' 'información' 'oficial' 'sobre' 'los' 'hechos' '.']
